5947760711
9781370467
3708733233
2522599697
4721179710
1778636826
2375075299
2796921702
6212669427
1371981528
6186326391
9370728139
9033779883
7520798918
9206669726
5610173661
3750414827
6818471101
1598158316
7434803293
6621692671
1559052294
2656106381
2851153247
1046151422
5035218794
7442174382
3562159823
5518199175
3107945408
1660505176
9164547475
8319271190
5492053206
1336102309
6576286782
7004786675
7947429953
8920971962
3799484006
8289910699
6268750225
3803922588
7012066643
2224732497
9135332195
9900107238
3376638379
9369444925
9730973777
9574119359
4362680904
2977294671
1203035118
2773832755
4203035118
2732038402
3981322871
8507514824
7808987912
6036509909
6635907226
8156500489
4104503624
5496011712
2914290441
5464269527
6080446743
7266094927
8425714418
7968000162
6367251996
8416484187
1131266079
6867944971
3723311408
3301932544
6384450815
9421677688
7458924506
9191919191
1219377744
3856118364
5607336032
2535618406
5412462006
6856452165
2656106681
9379332498
1635794382
7858714624
8736677934
8369525325
3969883024
9298907079
1653466744
7832209506
2449935827
4432132715
4235153479
9246567601
9344855958
8567124666
2685516293
4767480865
5094733837
1666205153
9626611085
4809466970
7063876758
4343851239
1701458563
6327688334
8940062598
5501338065
6047759311
1910074271
2396755977
6894770917
8069944912
2089752579
9942931571
1415218128
2693516190
5331005326
7714369118
1935241617
5257196627
8933819637
2273761524
8774516153
7265779394
8117517826
7126995631
6703568042
2151852996
2749179083
1094205724
8358217050
5783961132
6574623986
6490394121
7015276488
9961710882
6233075786
1364995377
2243525489
3385729069
4115631264
7226188034
1779605917
1779605888
1779605172
1779601863
1779605614
1779605714
3034644858
5661197984
5604571277
5841712569
5820791414
5894603815
6965690500
8044542210
2604571277
6680985278
3703012276
5512729533
9495666961
7554740749
8876643094
4931105197
6771099612
3202968136
3289067906
3202968102
5292589997
8473736298
6226822018
3554276380
7264364172
4409629463
6081013475
4662161500
4252466723
7602774142
5339488941
9445032845
3923396915
2628558810
8449296689
2769599490
6781947542
3057022896
6428967964
6584899034
9033770883
2027073499
3872969543
2043546547
8480164709
1803156471
